0,431
35,3
35,2
35,1
35,0
34,3
34,2
34,1
34,0
33,3
33,2
33,1
33,0
3,2
10,146
10,206
10,90
10,99
10,130
10,15
10,196
10,2
10,3
11,20
11,26
11,13
11,7
11,24
11,11
11,2
11,3
9,6
9,4
9,2
9,3
8,12
8,14
8,6
8,7
8,8
8,2
8,3
12,2
12,1
12,3
31,3
31,2
31,1
31,0
30,3
30,2
30,1
30,0
29,3
29,2
29,1
29,0
11,30
11,29
11,28
11,1
11,27
10,316
10,315
10,314
10,313
10,312
10,311
10,310
10,309
10,308
10,307
10,306
10,305
10,304
10,303
10,302
10,301
10,300
10,299
10,298
10,297
10,296
10,295
10,294
20,2
10,293
20,1
10,292
20,3
10,291
10,290
10,289
10,288
10,287
10,286
10,285
10,284
10,283
10,282
10,281
10,280
10,279
10,278
10,277
19,2
10,276
19,1
10,275
19,3
10,274
10,273
10,272
10,271
